35.223364
35.24055
35.257732
35.63574
36.04811
35.532648
35.01718
34.965632
34.93127
35.309276
43.05842
34.75945
34.725088
34.656356
35.4811
34.98282
34.98282
36.75258
36.85567
34.75945
34.69072
34.656356
34.6219936
46.271476
34.69072
34.6219936
34.553264
34.98282
34.5188984
34.501716
52.302408
34.725088
34.656356
52.216496
34.879728
34.43299
34.415804
34.86254
40.756012
35.292096
41.116836
34.84536
40.15464
35.274912
40.120272
34.77663
34.707904
34.67354
34.656356
34.60481
34.60481
34.587628
34.5704436
34.5704436
34.587628
34.5704436
34.5704436
34.5704436
34.5704436
34.5704436
34.5704436
34.5704436
34.587628
34.587628
34.60481
34.60481
34.656356
34.6219936
34.6219936
34.6219936
34.60481
34.639176
34.639176
34.6219936
34.639176
34.656356
34.639176
34.639176
34.639176
34.6219936
34.6219936
34.639176
34.656356
34.656356
34.67354
34.67354
34.67354
34.67354
34.69072
34.69072
34.67354
34.656356
34.67354
34.656356
34.67354
34.67354
34.69072
34.67354
34.67354
34.656356
34.67354
34.67354
34.69072
34.707904
34.707904
34.725088
39.10653
38.694156
38.24742
39.12371
38.694156
38.264604
38.694156
38.676976
38.676976
38.694156
36.030924
34.707904
34.725088
34.707904
34.707904
34.707904
34.69072
34.707904
34.69072
34.707904
34.707904
34.707904
34.707904
34.707904
34.707904
34.707904
34.707904
34.69072
34.707904
34.69072
34.67354
34.69072
34.69072
34.67354
34.69072
34.69072
34.69072
34.67354
34.69072
34.69072
34.67354
34.656356
34.639176
34.639176
34.6219936
34.6219936
34.6219936
34.6219936
34.6219936
34.6219936
34.6219936
34.656356
34.656356
34.639176
34.67354
34.707904
34.707904
34.742268
35.17182
35.189004
35.58419
35.601376
35.618556
35.63574
35.206184
34.77663
34.793816
34.381444
34.381444
34.36426
34.381444
34.36426
33.934708
33.917528
34.34708
34.381444
34.69072
35.189004
35.687288
34.810996
34.398624
34.84536
35.73883
37.474228
37.113404
36.68385
46.357388
52.869416
38.0756
36.305844
36.254296
39.19244
36.890032
34.656356
34.639176
45.97938
43.45361
42.9553236
34.948452
34.879728
34.398624
34.84536
32.28522
33.21306
34.60481
39.5704436
34.553264
35.206184
34.5704436
35.120272
34.656356
34.5704436
34.67354
34.5704436
35.549828
34.725088
37.920964
35.034364
35.927832
36.6323
35.859104
34.6219936
34.6219936
34.67354
36.030924
41.924396
43.23024
43.0756
43.0756
44.12371
43.625428
43.436424
38.694156
39.98282
43.350512
43.31615
43.333332
52.525772
37.113404
35.01718
35.446736
34.60481
35.446736
34.60481
37.5945
43.17869
43.23024
43.23024
38.195876
43.7113368
43.109968
43.041236
45.103092
47.714776
43.127148
44.77663
45.6701
43.29897
42.972508
42.646044
43.05842
43.109968
34.484536
34.501716
35.06873
43.608244
43.05842
44.5704436
55.82474
34.398624
43.14433
52.027492
50.515464
43.264604
34.725088
48.848796
51.85567
25.790378
25.824742
22.766324
21.890034
21.082474
19.398624
19.072164
18.281786
17.542956
18.23024
17.18213
17.371134
15.841925
14.484536
13.676976
13.745705
13.900344
15.343642
16.872852
14.587628
13.95189
13.814433
13.71134
14.054982
14.845361
15.704467
17.388316
17.50859
17.233676
16.030928
15.721649
15.893471
16.52921
16.752576
16.13402
14.6907216
14.604811
14.982818
14.965635
15.378007
15.412371
15.859106
16.735396
17.233676
19.072164
20.103092
19.8109968
20.756014
25.9965632
20.601374
21.030928
21.04811
21.494844
22.319588
23.195876
23.608248
23.573884
23.539518
24.329896
25.635738
26.443298
27.731958
25.9965632
25.841924
25.773196
26.065292
26.030928
26.752576
27.09622
28.29897
28.573884
28.453608
34.381444
34.553264
34.501716
34.587628
44.450172
31.443298
34.43299
34.501716
34.553264
34.553264
34.467352
35.72165
34.656356
34.60481
33.728524
34.450172
34.381444
34.60481
35.3780068
36.563572
36.821304
35.82474
41.649484
43.3677
43.419244
51.9931268
45.618556
43.333332
43.419244
48.14433
45.56701
52.474228
56.030924
51.9931268
43.350512
43.333332
45.927832
43.780068
43.780068
43.333332
43.333332
43.333332
43.31615
43.29897
43.31615
43.29897
43.281788
43.281788
43.281788
43.281788
43.728524
45.89347
46.30584
51.958764
258.76288
51.975944
51.975944
51.958764
51.94158
51.94158
46.28866
43.21306
43.21306
43.17869
43.522336
43.917528
49.725088
43.780068
43.281788
43.23024
43.195876
43.17869
43.539516
44.75945
45.103092
44.5188984
43.591064
43.09278
43.419244
43.38488
43.7113368
43.17869
43.127148
43.09278
43.848796
45.0
43.591064
43.487972
43.0068736
43.264604
42.37113
42.28522
41.752576
41.219932
41.13402
41.47766
41.78694
41.254296
40.72165
40.618556
40.08591
39.587628
41.219932
43.21306
43.487972
48.24742
43.45361
43.0068736
43.16151
41.752576
41.580756
40.051544
39.381444
36.1855636
37.628864
34.501716
38.264604
34.484536
34.60481
34.43299
34.5188984
34.639176
34.398624
34.501716
34.639176
33.986256
34.43299
34.91409
34.381444
32.25086
33.127148
30.773196
29.140894
31.28866
30.756014
28.14433
27.766324
30.257732
26.323022
25.945016
26.013746
26.769758
25.876288
25.945016
44.0378
25.790378
25.773196
27.405498
23.917526
23.075602
22.66323
23.573884
22.83505
21.61512
22.02749
22.42268
22.42268
20.223368
18.900342
18.5223376
18.127148
17.731958
17.353952
17.388316
17.49141
18.041236
19.226804
17.199312
16.460482
16.13402
15.395188
15.051546
14.312715
13.608247
13.298969
12.66323
12.371134
12.079038
11.821305
11.580756
11.323024
11.494845
11.271478
11.460481
12.061855
12.66323
11.116838
10.463918
10.24055
9.621993
9.450171
8.865979
9.089347
8.934708
8.797251
8.694158
8.625429
8.900344
8.831615
8.762886
8.745705
8.71134
8.728522
8.728522
8.762886
8.797251
8.848797
9.381443
10.3092784
17.611682
25.979382
25.80756
26.04811
17.18213
12.989691
11.85567
11.185567
10.962199
11.202749
11.477663
11.769759
12.079038
12.800687
13.161511
13.505155
13.848797
14.639175
16.718212
17.49141
17.457044
17.731958
17.199312
17.199312
17.147766
17.147766
17.130584
17.50859
17.560136
18.006872
18.436426
19.329896
19.8109968
19.828178
20.274914
20.73883
21.563574
25.841924
26.030928
24.3814432
23.127148
23.539518
26.13402
25.790378
25.790378
26.769758
25.515462
25.876288
26.890034
25.9965632
26.391752
27.542956
27.852234
29.828178
28.075602
32.079036
29.553264
32.56014
33.092784
34.381444
34.536084
33.24742
34.587628
34.19244
35.103092
34.656356
34.5188984
34.381444
34.656356
33.745704
33.608244
34.36426
34.5704436
34.450172
39.91409
34.60481
34.536084
41.6323
35.034364
34.98282
42.766324
41.408936
43.024056
42.972508
43.281788
43.573884
44.34708
50.56701
45.79038
45.704468
51.821304
46.1855636
51.804124
43.281788
48.419244
51.804124
50.56701
51.804124
48.79725
51.804124
54.587628
55.41237
46.563572
45.63574
46.59794
44.725088
43.47079
45.3780068
44.656356
44.295532
43.436424
43.09278
43.109968
43.16151
43.16151
42.388316
43.14433
41.04811
41.512028
40.601376
34.60481
34.793816
33.728524
33.95189
34.158072
34.381444
34.5188984
34.656356
34.536084
34.6219936
35.463916
34.5704436
34.60481
34.725088
34.5704436
43.127148
34.43299
34.484536
34.5188984
34.5704436
31.116838
43.09278
45.292096
30.068728
40.17182
46.151204
26.426116
26.065292
26.408934
25.498282
24.67354
24.243986
24.27835
25.601374
43.96907
44.432988
25.9965632
23.831616
22.50859
22.594502
24.020618
20.65292
19.828178
19.0378
18.659794
18.676976
18.71134
17.886598
17.50859
17.50859
17.199312
17.250858
17.353952
17.2852232
16.838488
15.721649
15.395188
15.532646
17.439864
18.64261
15.429553
14.6907216
14.415808
14.19244
17.353952
53.711338
47.09622
51.68385
17.474226
17.302404
17.18213
17.474226
43.281788
43.573884
44.86254
44.432988
44.02062
44.05498
43.676976
43.780068
43.522336
17.199312
17.353952
17.50859
17.2852232
17.525772
43.264604
43.0756
13.797251
13.6426116
13.969072
15.154639
34.381444
17.302404
15.463918
15.824742
16.580756
17.319588
17.233676
17.525772
17.42268
17.766324
18.109966
18.505154
43.934708
20.72165
21.030928
40.17182
39.656356
43.05842
25.89347
22.766324
22.2852232
22.199312
44.879724
24.93127
23.5223376
26.013746
26.563574
26.030928
25.910652
25.790378
26.065292
28.539518
29.91409
26.890034
28.006872
32.027492
28.986254
28.95189
31.168384
30.41237
31.271476
31.323022
30.927836
31.305842
34.34708
33.522336
34.34708
34.793816
34.450172
31.735396
32.457044
34.398624
34.6219936
37.302408
34.69072
37.680412
34.707904
39.295532
40.89347
39.072164
39.381444
40.034364
41.59794
40.927832
43.281788
43.0068736
52.0446752
52.972508
52.560136
53.831616
52.611684
52.19931
52.19931
52.216496
52.216496
52.233676
52.233676
52.25086
57.457044
258.09276
53.711338
53.24742
53.694156
54.60481
57.628864
57.233676
55.97938
58.16151
45.15464
43.917528
43.539516
43.539516
43.195876
43.7113368
43.38488
43.05842
43.127148
43.17869
43.47079
42.09622
43.21306
43.09278
43.05842
42.9553236
41.151204
41.52921
41.958764
43.17869
43.23024
40.687288
39.6219936
42.9553236
39.26117
39.17526
40.79038
34.725088
38.573884
35.223364
34.587628
36.907216
36.666668
34.5188984
34.639176
34.5188984
34.381444
31.975944
34.381444
31.185566
34.707904
34.501716
31.580756
30.515462
30.39519
29.3814432
30.051546
32.66323
29.003436
28.814432
29.621992
29.0378
51.9931268
27.955326
51.907216
52.010308
34.75945
32.56014
35.6701
28.041236
27.938144
27.353952
26.786942
27.09622
26.099656
25.979382
27.147766
26.13402
26.855669
28.848796
34.381444
29.43299
29.570446
31.21993
28.62543
51.890032
28.436426
26.890034
26.271476
27.628866
25.635738
27.611682
44.91409
25.945016
25.945016
25.859106
25.824742
25.120276
25.790378
44.484536
43.23024
26.116838
46.2371136
26.082474
43.608244
26.030928
46.202748
52.98969
26.030928
54.467352
43.419244
21.151204
26.116838
27.09622
20.979382
20.446736
22.113402
46.1855636
25.859106
43.29897
20.704468
45.58419
22.955326
25.790378
23.814432
23.0927824
21.185566
21.065292
19.707902
17.81787
20.378006
20.56701
51.804124
19.209622
19.501718
43.264604
74.29553
47.57732
19.158076
48.024056
51.907216
26.305842
52.4055
18.350516
17.90378
51.804124

35.223364
35.24055
35.257732
35.63574
36.04811
35.532648
35.01718
34.965632
34.93127
35.309276
43.05842
34.75945
34.725088
34.656356
35.4811
34.98282
34.98282
36.75258
36.85567
34.75945
34.69072
34.656356
34.6219936
46.271476
34.69072
34.6219936
34.553264
34.98282
34.5188984
34.501716
52.302408
34.725088
34.656356
52.216496
34.879728
34.43299
34.415804
34.86254
40.756012
35.292096
41.116836
34.84536
40.15464
35.274912
40.120272
34.77663
34.707904
34.67354
34.656356
34.60481
34.60481
34.587628
34.5704436
34.5704436
34.587628
34.5704436
34.5704436
34.5704436
34.5704436
34.5704436
34.5704436
34.5704436
34.587628
34.587628
34.60481
34.60481
34.656356
34.6219936
34.6219936
34.6219936
34.60481
34.639176
34.639176
34.6219936
34.639176
34.656356
34.639176
34.639176
34.639176
34.6219936
34.6219936
34.639176
34.656356
34.656356
34.67354
34.67354
34.67354
34.67354
34.69072
34.69072
34.67354
34.656356
34.67354
34.656356
34.67354
34.67354
34.69072
34.67354
34.67354
34.656356
34.67354
34.67354
34.69072
34.707904
34.707904
34.725088
39.10653
38.694156
38.24742
39.12371
38.694156
38.264604
38.694156
38.676976
38.676976
38.694156
36.030924
34.707904
34.725088
34.707904
34.707904
34.707904
34.69072
34.707904
34.69072
34.707904
34.707904
34.707904
34.707904
34.707904
34.707904
34.707904
34.707904
34.69072
34.707904
34.69072
34.67354
34.69072
34.69072
34.67354
34.69072
34.69072
34.69072
34.67354
34.69072
34.69072
34.67354
34.656356
34.639176
34.639176
34.6219936
34.6219936
34.6219936
34.6219936
34.6219936
34.6219936
34.6219936
34.656356
34.656356
34.639176
34.67354
34.707904
34.707904
34.742268
35.17182
35.189004
35.58419
35.601376
35.618556
35.63574
35.206184
34.77663
34.793816
34.381444
34.381444
34.36426
34.381444
34.36426
33.934708
33.917528
34.34708
34.381444
34.69072
35.189004
35.687288
34.810996
34.398624
34.84536
35.73883
37.474228
37.113404
36.68385
46.357388
52.869416
38.0756
36.305844
36.254296
39.19244
36.890032
34.656356
34.639176
45.97938
43.45361
42.9553236
34.948452
34.879728
34.398624
34.84536
32.28522
33.21306
34.60481
39.5704436
34.553264
35.206184
34.5704436
35.120272
34.656356
34.5704436
34.67354
34.5704436
35.549828
34.725088
37.920964
35.034364
35.927832
36.6323
35.859104
34.6219936
34.6219936
34.67354
36.030924
41.924396
43.23024
43.0756
43.0756
44.12371
43.625428
43.436424
38.694156
39.98282
43.350512
43.31615
43.333332
52.525772
37.113404
35.01718
35.446736
34.60481
35.446736
34.60481
37.5945
43.17869
43.23024
43.23024
38.195876
43.7113368
43.109968
43.041236
45.103092
47.714776
43.127148
44.77663
45.6701
43.29897
42.972508
42.646044
43.05842
43.109968
34.484536
34.501716
35.06873
43.608244
43.05842
44.5704436
55.82474
34.398624
43.14433
52.027492
50.515464
43.264604
34.725088
48.848796
51.85567
25.790378
25.824742
22.766324
21.890034
21.082474
19.398624
19.072164
18.281786
17.542956
18.23024
17.18213
17.371134
15.841925
14.484536
13.676976
13.745705
13.900344
15.343642
16.872852
14.587628
13.95189
13.814433
13.71134
14.054982
14.845361
15.704467
17.388316
17.50859
17.233676
16.030928
15.721649
15.893471
16.52921
16.752576
16.13402
14.6907216
14.604811
14.982818
14.965635
15.378007
15.412371
15.859106
16.735396
17.233676
19.072164
20.103092
19.8109968
20.756014
25.9965632
20.601374
21.030928
21.04811
21.494844
22.319588
23.195876
23.608248
23.573884
23.539518
24.329896
25.635738
26.443298
27.731958
25.9965632
25.841924
25.773196
26.065292
26.030928
26.752576
27.09622
28.29897
28.573884
28.453608
34.381444
34.553264
34.501716
34.587628
44.450172
31.443298
34.43299
34.501716
34.553264
34.553264
34.467352
35.72165
34.656356
34.60481
33.728524
34.450172
34.381444
34.60481
35.3780068
36.563572
36.821304
35.82474
41.649484
43.3677
43.419244
51.9931268
45.618556
43.333332
43.419244
48.14433
45.56701
52.474228
56.030924
51.9931268
43.350512
43.333332
45.927832
43.780068
43.780068
43.333332
43.333332
43.333332
43.31615
43.29897
43.31615
43.29897
43.281788
43.281788
43.281788
43.281788
43.728524
45.89347
46.30584
51.958764
258.76288
51.975944
51.975944
51.958764
51.94158
51.94158
46.28866
43.21306
43.21306
43.17869
43.522336
43.917528
49.725088
43.780068
43.281788
43.23024
43.195876
43.17869
43.539516
44.75945
45.103092
44.5188984
43.591064
43.09278
43.419244
43.38488
43.7113368
43.17869
43.127148
43.09278
43.848796
45.0
43.591064
43.487972
43.0068736
43.264604
42.37113
42.28522
41.752576
41.219932
41.13402
41.47766
41.78694
41.254296
40.72165
40.618556
40.08591
39.587628
41.219932
43.21306
43.487972
48.24742
43.45361
43.0068736
43.16151
41.752576
41.580756
40.051544
39.381444
36.1855636
37.628864
34.501716
38.264604
34.484536
34.60481
34.43299
34.5188984
34.639176
34.398624
34.501716
34.639176
33.986256
34.43299
34.91409
34.381444
32.25086
33.127148
30.773196
29.140894
31.28866
30.756014
28.14433
27.766324
30.257732
26.323022
25.945016
26.013746
26.769758
25.876288
25.945016
44.0378
25.790378
25.773196
27.405498
23.917526
23.075602
22.66323
23.573884
22.83505
21.61512
22.02749
22.42268
22.42268
20.223368
18.900342
18.5223376
18.127148
17.731958
17.353952
17.388316
17.49141
18.041236
19.226804
17.199312
16.460482
16.13402
15.395188
15.051546
14.312715
13.608247
13.298969
12.66323
12.371134
12.079038
11.821305
11.580756
11.323024
11.494845
11.271478
11.460481
12.061855
12.66323
11.116838
10.463918
10.24055
9.621993
9.450171
8.865979
9.089347
8.934708
8.797251
8.694158
8.625429
8.900344
8.831615
8.762886
8.745705
8.71134
8.728522
8.728522
8.762886
8.797251
8.848797
9.381443
10.3092784
17.611682
25.979382
25.80756
26.04811
17.18213
12.989691
11.85567
11.185567
10.962199
11.202749
11.477663
11.769759
12.079038
12.800687
13.161511
13.505155
13.848797
14.639175
16.718212
17.49141
17.457044
17.731958
17.199312
17.199312
17.147766
17.147766
17.130584
17.50859
17.560136
18.006872
18.436426
19.329896
19.8109968
19.828178
20.274914
20.73883
21.563574
25.841924
26.030928
24.3814432
23.127148
23.539518
26.13402
25.790378
25.790378
26.769758
25.515462
25.876288
26.890034
25.9965632
26.391752
27.542956
27.852234
29.828178
28.075602
32.079036
29.553264
32.56014
33.092784
34.381444
34.536084
33.24742
34.587628
34.19244
35.103092
34.656356
34.5188984
34.381444
34.656356
33.745704
33.608244
34.36426
34.5704436
34.450172
39.91409
34.60481
34.536084
41.6323
35.034364
34.98282
42.766324
41.408936
43.024056
42.972508
43.281788
43.573884
44.34708
50.56701
45.79038
45.704468
51.821304
46.1855636
51.804124
43.281788
48.419244
51.804124
50.56701
51.804124
48.79725
51.804124
54.587628
55.41237
46.563572
45.63574
46.59794
44.725088
43.47079
45.3780068
44.656356
44.295532
43.436424
43.09278
43.109968
43.16151
43.16151
42.388316
43.14433
41.04811
41.512028
40.601376
34.60481
34.793816
33.728524
33.95189
34.158072
34.381444
34.5188984
34.656356
34.536084
34.6219936
35.463916
34.5704436
34.60481
34.725088
34.5704436
43.127148
34.43299
34.484536
34.5188984
34.5704436
31.116838
43.09278
45.292096
30.068728
40.17182
46.151204
26.426116
26.065292
26.408934
25.498282
24.67354
24.243986
24.27835
25.601374
43.96907
44.432988
25.9965632
23.831616
22.50859
22.594502
24.020618
20.65292
19.828178
19.0378
18.659794
18.676976
18.71134
17.886598
17.50859
17.50859
17.199312
17.250858
17.353952
17.2852232
16.838488
15.721649
15.395188
15.532646
17.439864
18.64261
15.429553
14.6907216
14.415808
14.19244
17.353952
53.711338
47.09622
51.68385
17.474226
17.302404
17.18213
17.474226
43.281788
43.573884
44.86254
44.432988
44.02062
44.05498
43.676976
43.780068
43.522336
17.199312
17.353952
17.50859
17.2852232
17.525772
43.264604
43.0756
13.797251
13.6426116
13.969072
15.154639
34.381444
17.302404
15.463918
15.824742
16.580756
17.319588
17.233676
17.525772
17.42268
17.766324
18.109966
18.505154
43.934708
20.72165
21.030928
40.17182
39.656356
43.05842
25.89347
22.766324
22.2852232
22.199312
44.879724
24.93127
23.5223376
26.013746
26.563574
26.030928
25.910652
25.790378
26.065292
28.539518
29.91409
26.890034
28.006872
32.027492
28.986254
28.95189
31.168384
30.41237
31.271476
31.323022
30.927836
31.305842
34.34708
33.522336
34.34708
34.793816
34.450172
31.735396
32.457044
34.398624
34.6219936
37.302408
34.69072
37.680412
34.707904
39.295532
40.89347
39.072164
39.381444
40.034364
41.59794
40.927832
43.281788
43.0068736
52.0446752
52.972508
52.560136
53.831616
52.611684
52.19931
52.19931
52.216496
52.216496
52.233676
52.233676
52.25086
57.457044
258.09276
53.711338
53.24742
53.694156
54.60481
57.628864
57.233676
55.97938
58.16151
45.15464
43.917528
43.539516
43.539516
43.195876
43.7113368
43.38488
43.05842
43.127148
43.17869
43.47079
42.09622
43.21306
43.09278
43.05842
42.9553236
41.151204
41.52921
41.958764
43.17869
43.23024
40.687288
39.6219936
42.9553236
39.26117
39.17526
40.79038
34.725088
38.573884
35.223364
34.587628
36.907216
36.666668
34.5188984
34.639176
34.5188984
34.381444
31.975944
34.381444
31.185566
34.707904
34.501716
31.580756
30.515462
30.39519
29.3814432
30.051546
32.66323
29.003436
28.814432
29.621992
29.0378
51.9931268
27.955326
51.907216
52.010308
34.75945
32.56014
35.6701
28.041236
27.938144
27.353952
26.786942
27.09622
26.099656
25.979382
27.147766
26.13402
26.855669
28.848796
34.381444
29.43299
29.570446
31.21993
28.62543
51.890032
28.436426
26.890034
26.271476
27.628866
25.635738
27.611682
44.91409
25.945016
25.945016
25.859106
25.824742
25.120276
25.790378
44.484536
43.23024
26.116838
46.2371136
26.082474
43.608244
26.030928
46.202748
52.98969
26.030928
54.467352
43.419244
21.151204
26.116838
27.09622
20.979382
20.446736
22.113402
46.1855636
25.859106
43.29897
20.704468
45.58419
22.955326
25.790378
23.814432
23.0927824
21.185566
21.065292
19.707902
17.81787
20.378006
20.56701
51.804124
19.209622
19.501718
43.264604
74.29553
47.57732
19.158076
48.024056
51.907216
26.305842
52.4055
18.350516
17.90378
51.804124

